Webots Project File version R2021b
perspectives: 000000ff00000000fd0000000200000001000002e5000002f1fc0200000001fb0000001400540065007800740045006400690074006f00720100000016000002f10000008900ffffff0000000300000738000000d9fc0100000001fb0000001a0043006f006e0073006f006c00650041006c006c0041006c006c0100000000000007380000006900ffffff00000451000002f100000001000000020000000100000008fc00000000
simulationViewPerspectives: 000000ff000000010000000200000176000004ea0100000002010000000100
sceneTreePerspectives: 000000ff0000000100000002000001e8000000fa0100000002010000000200
maximizedDockId: -1
centralWidgetVisible: 1
orthographicViewHeight: 1
textFiles: 0 "controllers/EPuckGoForward/EPuckGoForward.java"
consoles: Console:All:All
renderingDevicePerspectives: e-puck:camera;1;1.26923;0;0.038835
